-0.50671
-0.48889
-0.43939
-0.36627
-0.28094
-0.1947
-0.1192
-0.06781
-0.051086
-0.068054
-0.10583
-0.14886
-0.18536
-0.20679
-0.20844
-0.19482
-0.17755
-0.16534
-0.15948
-0.15875
-0.16248
-0.16779
-0.16809
-0.15778
-0.13513
-0.099854
-0.052795
0.0010986
0.052673
0.095276
0.12952
0.16046
0.19159
0.22217
0.25061
0.27606
0.29419
0.29669
0.27899
0.24554
0.2038
0.15643
0.1051
0.054993
0.01123
-0.024597
-0.051025
-0.06366
-0.05957
-0.042236
-0.018433
0.0046387
0.020508
0.025757
0.022278
0.012756
-0.003479
-0.026917
-0.05365
-0.078125
-0.097778
-0.11212
-0.12054
-0.12421
-0.12738
-0.13312
-0.14008
-0.1441
-0.14325
-0.13806
-0.12848
-0.11292
-0.090027
-0.061096
-0.028564
0.0059814
0.041626
0.077881
0.11475
0.1524
0.19067
0.22919
0.26654
0.29901
0.32159
0.33344
0.33856
0.34045
0.33881
0.33331
0.32776
0.32727
0.33209
0.33856
0.34491
0.35358
0.3656
0.37628
0.37952
0.37469
0.36615
0.35577
0.34113
0.32233
0.30469
0.29193
0.28168
0.2699
0.25641
0.24194
0.22437
0.20062
0.17114
0.1391
0.10651
0.07312
0.038513
0.0036621
-0.030151
-0.062134
-0.091858
-0.11841
-0.14063
-0.15759
-0.16791
-0.17053
-0.16571
-0.15631
-0.14648
-0.13898
-0.13568
-0.13788
-0.14545
-0.15527
-0.16345
-0.16803
-0.16949
-0.16864
-0.16565
-0.16034
-0.15265
-0.14264
-0.12964
-0.11346
-0.094543
-0.073792
-0.051453
-0.027405
-0.0016479
0.026184
0.05603
0.085327
0.10938
0.12476
0.1322
0.13428
0.1322
0.12665
0.11871
0.10913
0.097412
0.085022
0.075562
0.070251
0.066101
0.061035
0.056763
0.055054
0.055298
0.056885
0.060852
0.066406
0.069763
0.067993
0.061768
0.051941
0.037842
0.020203
0.0023193
-0.013611
-0.028137
-0.04126
-0.051086
-0.057617
-0.064819
-0.076538
-0.092834
-0.11102
-0.12885
-0.14319
-0.15002
-0.14838
-0.14209
-0.13635
-0.13196
-0.12689
-0.12073
-0.1145
-0.10706
-0.096191
-0.082214
-0.066956
-0.049072
-0.025452
0.0011597
0.022888
0.035767
0.042175
0.042847
0.035278
0.021423
0.0080566
-0.003479
-0.0177
-0.035461
-0.051575
-0.065796
-0.086304
-0.12103
-0.17273
-0.24109
-0.32135
-0.40057
-0.46222
-0.49451
-0.49268
-0.45685
-0.39337
-0.31421
-0.23242
-0.15942
-0.10632
-0.081604
-0.085693
-0.11005
-0.14221
-0.17072
-0.18744
-0.18976
-0.18207
-0.17267
-0.16803
-0.16919
-0.17352
-0.17889
-0.18298
-0.18042
-0.16528
-0.13788
-0.104
-0.0672
-0.026611
0.016357
0.057007
0.093994
0.13013
0.16626
0.1991
0.22717
0.25146
0.27008
0.27673
0.26733
0.24402
0.21118
0.17114
0.12579
0.079529
0.036621
-0.0020142
-0.036072
-0.061584
-0.073059
-0.069763
-0.055237
-0.034363
-0.013123
0.0010986
0.0037842
-0.0039063
-0.018555
-0.038025
-0.059326
-0.077759
-0.091003
-0.099854
-0.10419
-0.104
-0.10297
-0.10669
-0.11584
-0.12598
-0.13232
-0.13416
-0.13281
-0.12872
-0.12042
-0.10602
-0.085632
-0.059448
-0.025818
0.016479
0.06366
0.11011
0.15491
0.20056
0.24603
0.28595
0.31549
0.33301
0.33978
0.33966
0.33746
0.33514
0.33228
0.32886
0.32532
0.32135
0.31848
0.3205
0.32855
0.33771
0.34198
0.34058
0.33594
0.32813
0.31543
0.29907
0.28424
0.2746
0.26874
0.26282
0.25507
0.24561
0.23297
0.21497
0.19208
0.16681
0.14056
0.11304
0.083923
0.052917
0.019592
-0.015076
-0.049255
-0.081177
-0.10858
-0.12836
-0.13849
-0.14026
-0.13696
-0.1322
-0.12872
-0.12823
-0.1319
-0.13989
-0.15027
-0.15796
-0.15881
-0.15302
-0.14246
-0.12769
-0.11041
-0.096497
-0.091797
-0.096436
-0.10571
-0.11292
-0.11096
-0.095825
-0.069824
-0.039001
-0.0081177
0.019836
0.041931
0.057922
0.070129
0.078735
0.0802
0.074036
0.065308
0.059204
0.056763
0.057556
0.061279
0.066467
0.070068
0.069763
0.06543
0.05835
0.049622
0.04126
0.036377
0.037781
0.044312
0.051819
0.056458
0.055908
0.048035
0.031677
0.0097046
-0.013
-0.033325
-0.05011
-0.060913
-0.064697
-0.063904
-0.061462
-0.058777
-0.058167
-0.063416
-0.075378
-0.09198
-0.11035
-0.12628
-0.13239
-0.12421
-0.10626
-0.087463
-0.072998
-0.06366
-0.060547
-0.063416
-0.066528
-0.061951
-0.048767
-0.033203
-0.019409
-0.0050049
0.011597
0.02594
0.033936
0.038025
0.040955
0.038269
0.026062
0.01062
0.00024414
-0.0064697
-0.015747
-0.02655
-0.036377
-0.052307
-0.085083
-0.13599
-0.20032
-0.27661
-0.36023
-0.43427
-0.47949
-0.48993
-0.46924
-0.41943
-0.34528
-0.2641
-0.19611
-0.14825
-0.11859
-0.11029
-0.12598
-0.15393
-0.17584
-0.18604
-0.18958
-0.18597
-0.17194
-0.15613
-0.1535
-0.16565
-0.18164
-0.19446
-0.20288
-0.20129
-0.18243
-0.14874
-0.10858
-0.064697
-0.015747
0.033813
0.077393
0.11664
0.1579
0.19965
0.23389
0.25787
0.27521
0.28522
0.28192
0.26392
0.23639
0.20142
0.15631
0.104
0.054932
0.014709
-0.019165
-0.046753
-0.061951
-0.061646
-0.050293
-0.032043
-0.0084839
0.014038
0.025757
0.024414
0.016479
0.0050049
-0.013428
-0.03717
-0.056763
-0.067322
-0.074219
-0.082275
-0.08905
-0.093201
-0.10046
-0.11481
-0.13037
-0.13922
-0.14038
-0.13544
-0.12286
-0.10254
-0.079102
-0.05481
-0.024597
0.016357
0.064392
0.11292
0.15973
0.20477
0.24463
0.27539
0.29779
0.31317
0.31842
0.31085
0.29492
0.27893
0.26593
0.25476
0.24713
0.24719
0.25464
0.26538
0.27838
0.29449
0.31024
0.32001
0.32361
0.3244
0.32196
0.31342
0.2998
0.28467
0.26849
0.2511
0.23682
0.23035
0.22858
0.22241
0.20648
0.18146
0.14862
0.10852
0.065918
0.028503
-0.0010986
-0.027466
-0.053162
-0.073914
-0.085693
-0.090881
-0.092712
-0.090454
-0.085205
-0.083496
-0.089478
-0.099731
-0.11084
-0.12415
-0.14044
-0.15521
-0.16486
-0.1698
-0.17059
-0.1665
-0.15881
-0.15167
-0.14691
-0.1424
-0.13593
-0.12677
-0.11444
-0.097107
-0.074402
-0.048828
-0.023987
-0.0019531
0.017395
0.033752
0.04541
0.052673
0.058289
0.063232
0.06665
0.070313
0.078796
0.092102
0.10437
0.11157
0.11517
0.11462
0.10577
0.088989
0.071472
0.057861
0.046448
0.036194
0.030396
0.030518
0.033325
0.036499
0.039734
0.039978
0.031921
0.015503
-0.0030518
-0.018738
-0.030701
-0.038147
-0.039612
-0.036438
-0.033691
-0.034485
-0.038452
-0.044495
-0.053223
-0.064453
-0.075317
-0.081726
-0.081848
-0.077271
-0.069885
-0.061401
-0.054932
-0.053955
-0.058105
-0.061462
-0.058716
-0.049316
-0.036255
-0.022644
-0.011658
-0.0046387
0.0018311
0.011475
0.021973
0.026917
0.023621
0.015015
0.0043945
-0.006958
-0.01825
-0.029358
-0.041931
-0.057556
-0.076904
-0.10242
-0.13989
-0.1944
-0.26392
-0.33887
-0.40692
-0.45709
-0.479
-0.46332
-0.40973
-0.33148
-0.24719
-0.16974
-0.10797
-0.073303
-0.073547
-0.10211
-0.14246
-0.18195
-0.21405
-0.23175
-0.23065
-0.21698
-0.20361
-0.1983
-0.20111
-0.21069
-0.22534
-0.23804
-0.23834
-0.22083
-0.18793
-0.14459
-0.095032
-0.044678
0.00042725
0.040283
0.080933
0.12512
0.16797
0.20477
0.23663
0.26312
0.27673
0.27118
0.24786
0.21124
0.16394
0.11133
0.062744
0.023743
-0.006897
-0.029724
-0.041077
-0.040466
-0.031921
-0.018066
0.0021973
0.026855
0.048157
0.058899
0.058472
0.050171
0.035889
0.016052
-0.0062256
-0.025513
-0.038574
-0.046814
-0.053406
-0.059937
-0.067566
-0.078552
-0.092529
-0.10486
-0.1106
-0.10858
-0.099609
-0.083618
-0.061829
-0.039001
-0.020081
-0.005127
0.010315
0.031128
0.059448
0.092834
0.12646
0.15698
0.18365
0.20502
0.21704
0.21741
0.20886
0.19672
0.18506
0.17773
0.17987
0.19373
0.21576
0.23956
0.26215
0.28387
0.30475
0.32227
0.33356
0.3374
0.33441
0.32562
0.31134
0.29242
0.27173
0.25366
0.24078
0.23242
0.22729
0.22577
0.2265
0.22382
0.21124
0.18744
0.15668
0.12341
0.089355
0.056396
0.02771
0.005188
-0.012085
-0.024902
-0.032776
-0.036438
-0.039246
-0.043884
-0.050415
-0.058899
-0.072266
-0.094299
-0.12537
-0.16077
-0.19293
-0.21423
-0.22052
-0.21228
-0.19348
-0.16882
-0.14203
-0.1156
-0.090393
-0.066345
-0.045349
-0.031616
-0.027344
-0.028381
-0.027344
-0.021362
-0.013611
-0.006897
-0.0011597
0.0041504
0.0085449
0.01355
0.022766
0.036987
0.052551
0.065613
0.076111
0.08429
0.088257
0.086975
0.083191
0.079895
0.07666
0.073059
0.072632
0.078491
0.087891
0.094421
0.094788
0.088501
0.074158
0.051636
0.024475
-0.0031738
-0.030518
-0.056396
-0.07605
-0.085144
-0.08374
-0.073914
-0.057617
-0.039307
-0.025085
-0.016907
-0.012573
-0.010559
-0.011414
-0.013977
-0.016052
-0.018127
-0.020935
-0.02301
-0.023682
-0.025513
-0.029785
-0.03418
-0.036804
-0.038696
-0.0401
-0.039246
-0.036499
-0.033569
-0.029541
-0.020569
-0.0055542
0.011963
0.027466
0.038269
0.043579
0.044556
0.04541
0.049805
0.055298
0.052856
0.036255
0.0085449
-0.024597
-0.066406
-0.12646
-0.2063
-0.2959
-0.38135
-0.44922
-0.48419
-0.47491
-0.42578
-0.35492
-0.27942
-0.20825
-0.1488
-0.11078
-0.10126
-0.11835
-0.15198
-0.18854
-0.21625
-0.22925
-0.2287
-0.22046
-0.2124
-0.21106
-0.21741
-0.22668
-0.23309
-0.2334
-0.22546
-0.20813
-0.18329
-0.15491
-0.12463
-0.091003
-0.053894
-0.015625
0.024292
0.070313
0.12445
0.18134
0.23193
0.26892
0.28748
0.28412
0.25952
0.21967
0.17261
0.12415
0.078369
0.039612
0.011108
-0.0084839
-0.022705
-0.03241
-0.034607
-0.02594
-0.0064697
0.020325
0.048462
0.071167
0.082458
0.080078
0.066528
0.047302
0.026306
0.0038452
-0.020447
-0.043762
-0.062317
-0.076172
-0.089172
-0.10352
-0.11841
-0.13348
-0.14807
-0.15839
-0.15784
-0.1438
-0.12109
-0.097229
-0.076965
-0.060425
-0.044373
-0.023865
0.0043945
0.03949
0.076904
0.11224
0.14355
0.16998
0.1897
0.20013
0.20001
0.19171
0.18097
0.1745
0.17645
0.1864
0.20154
0.21851
0.23456
0.24866
0.26227
0.27692
0.29144
0.30286
0.30981
0.31256
0.31049
0.30341
0.29352
0.28381
0.27435
0.26343
0.25073
0.23706
0.22198
0.20514
0.18671
0.16577
0.13995
0.10925
0.077576
0.048218
0.02124
-0.0037842
-0.02417
-0.03656
-0.041199
-0.041504
-0.041809
-0.044556
-0.050476
-0.059326
-0.07074
-0.085571
-0.10565
-0.13074
-0.15674
-0.17749
-0.18823
-0.18726
-0.17657
-0.16168
-0.14868
-0.1391
-0.13037
-0.12103
-0.11322
-0.10883
-0.10626
-0.10223
-0.094421
-0.082886
-0.069519
-0.056702
-0.045227
-0.034485
-0.023682
-0.011902
0.0027466
0.021057
0.039795
0.054016
0.060608
0.059998
0.055786
0.053162
0.055542
0.061157
0.06604
0.068481
0.070007
0.071838
0.073242
0.072327
0.066223
0.052795
0.033264
0.012024
-0.0064087
-0.019043
-0.025146
-0.025696
-0.022278
-0.015442
-0.0053101
0.0062256
0.016479
0.023926
0.027954
0.028076
0.025024
0.02124
0.018982
0.018494
0.017944
0.015564
0.011047
0.0054932
-0.0012207
-0.010193
-0.02063
-0.028687
-0.032898
-0.035583
-0.036072
-0.02948
-0.015869
-0.0024414
0.0072021
0.018372
0.033691
0.046448
0.051086
0.051941
0.054565
0.057007
0.05603
0.05426
0.052673
0.044983
0.025757
-0.00067139
-0.029846
-0.068176
-0.12579
-0.20062
-0.28003
-0.35406
-0.41681
-0.45667
-0.4613
-0.43317
-0.38812
-0.33557
-0.27393
-0.2085
-0.15674
-0.12964
-0.12177
-0.12598
-0.14301
-0.16974
-0.19348
-0.2074
-0.21906
-0.2356
-0.2522
-0.26392
-0.27374
-0.28174
-0.27814
-0.25751
-0.22876
-0.20099
-0.17108
-0.13379
-0.094299
-0.06012
-0.028687
0.0072632
0.048828
0.093872
0.14343
0.19647
0.24292
0.26941
0.27216
0.2569
0.2287
0.18903
0.14166
0.094543
0.054077
0.021851
-0.00177
-0.015442
-0.019104
-0.015259
-0.0059204
0.0087891
0.027893
0.048035
0.065857
0.079346
0.086182
0.083008
0.068665
0.04541
0.015808
-0.018616
-0.054504
-0.085815
-0.10913
-0.12714
-0.14337
-0.15692
-0.16541
-0.17053
-0.1731
-0.16876
-0.15405
-0.13287
-0.1109
-0.087097
-0.058472
-0.027771
0.0010986
0.03009
0.062134
0.09436
0.1236
0.15131
0.17749
0.19678
0.20551
0.2074
0.20679
0.20355
0.1983
0.19531
0.19714
0.20203
0.20868
0.21863
0.23346
0.2522
0.27338
0.29553
0.31671
0.33459
0.34784
0.35687
0.36188
0.36169
0.3551
0.34351
0.33008
0.31628
0.30206
0.28839
0.27594
0.2616
0.24078
0.21332
0.18195
0.14716
0.10876
0.07135
0.041992
0.023682
0.014404
0.011841
0.013855
0.016541
0.015198
0.0076294
-0.0044556
-0.018738
-0.035645
-0.056641
-0.080139
-0.10254
-0.12219
-0.13885
-0.15033
-0.15442
-0.15308
-0.14935
-0.14215
-0.12946
-0.1145
-0.1012
-0.088623
-0.075195
-0.063599
-0.056824
-0.051575
-0.043457
-0.033203
-0.024048
-0.015869
-0.005188
0.0096436
0.02594
0.039307
0.047668
0.051575
0.051514
0.047668
0.042175
0.038513
0.037903
0.039551
0.043579
0.05011
0.056458
0.060242
0.062988
0.066895
0.070557
0.070923
0.066589
0.057312
0.043213
0.02594
0.0085449
-0.006897
-0.020081
-0.03009
-0.035095
-0.034302
-0.029236
-0.022278
-0.015686
-0.011536
-0.011108
-0.013855
-0.017456
-0.019775
-0.020081
-0.019104
-0.017883
-0.017517
-0.017639
-0.016418
-0.014099
-0.013794
-0.016785
-0.019958
-0.021973
-0.026489
-0.03479
-0.040894
-0.040405
-0.037476
-0.036926
-0.034912
-0.024719
-0.0075684
0.0096436
0.023926
0.038086
0.052551
0.061096
0.057434
0.042847
0.022583
-0.0026855
-0.035889
-0.076355
-0.12292
-0.18085
-0.25488
-0.33649
-0.40814
-0.45764
-0.47961
-0.46808
-0.42206
-0.35461
-0.28503
-0.22351
-0.17279
-0.13861
-0.12878
-0.14313
-0.17133
-0.2005
-0.22156
-0.23145
-0.23273
-0.2326
-0.23846
-0.25372
-0.2749
-0.29504
-0.30847
-0.31128
-0.29871
-0.26831
-0.2254
-0.17914
-0.1333
-0.08728
-0.043213
-0.0043945
0.032043
0.073181
0.12091
0.1698
0.21423
0.24994
0.27032
0.2674
0.23956
0.19397
0.14099
0.089172
0.044495
0.0098877
-0.015442
-0.032959
-0.041016
-0.036194
-0.018738
0.0063477
0.033447
0.05957
0.082031
0.097168
0.10175
0.094971
0.078674
0.055969
0.028381
-0.0044556
-0.041931
-0.079041
-0.10852
-0.12756
-0.14014
-0.15112
-0.16046
-0.16461
-0.16083
-0.14905
-0.12946
-0.10248
-0.071167
-0.041748
-0.018372
0.0014648
0.024597
0.054993
0.088989
0.12122
0.15002
0.17657
0.19879
0.21191
0.21338
0.20544
0.19208
0.17688
0.16425
0.15875
0.16327
0.17761
0.19849
0.22076
0.24084
0.26129
0.2876
0.31946
0.34991
0.37415
0.39258
0.40424
0.40485
0.39343
0.37561
0.35608
0.33405
0.30804
0.28156
0.25928
0.24146
0.22418
0.2038
0.17944
0.15228
0.12482
0.099426
0.07843
0.064331
0.057861
0.056458
0.05719
0.058777
0.05957
0.055786
0.044434
0.02655
0.0046997
-0.019775
-0.046204
-0.07312
-0.099304
-0.12354
-0.14209
-0.15088
-0.1507
-0.14679
-0.14246
-0.13727
-0.13068
-0.12378
-0.11664
-0.10883
-0.10138
-0.094971
-0.089417
-0.085876
-0.086914
-0.091553
-0.094482
-0.091858
-0.08374
-0.070313
-0.05072
-0.027283
-0.0062256
0.0079346
0.015625
0.019165
0.019775
0.018677
0.018494
0.021301
0.026855
0.034058
0.041992
0.049866
0.056396
0.060974
0.062561
0.05957
0.052612
0.045898
0.042236
0.039795
0.035889
0.030701
0.025269
0.018738
0.010559
0.0029297
-0.0015259
-0.00177
0.0013428
0.0063477
0.01178
0.016296
0.017761
0.013855
0.003418
-0.011169
-0.025085
-0.035034
-0.042358
-0.049133
-0.05481
-0.057983
-0.059082
-0.058167
-0.052856
-0.042969
-0.034485
-0.032837
-0.036621
-0.041016
-0.043274
-0.041626
-0.034485
-0.02301
-0.01123
-0.00091553
0.0089722
0.016174
0.014038
-0.00030518
-0.021851
-0.044495
-0.068237
-0.095825
-0.12811
-0.16681
-0.21661
-0.27734
-0.33875
-0.38666
-0.41113
-0.40784
-0.37695
-0.3255
-0.26538
-0.20703
-0.15747
-0.12396
-0.11334
-0.12622
-0.15399
-0.18433
-0.20856
-0.22351
-0.22882
-0.22729
-0.22589
-0.23187
-0.24548
-0.26007
-0.26868
-0.2677
-0.25372
-0.22369
-0.1803
-0.13251
-0.088562
-0.050598
-0.01709
0.013428
0.042908
0.075195
0.11255
0.15228
0.18842
0.21631
0.23248
0.23108
0.20789
0.16687
0.1189
0.072937
0.033142
0.0031738
-0.013489
-0.017883
-0.014709
-0.0071411
0.0049438
0.020386
0.037476
0.056641
0.078613
0.098999
0.11078
0.11102
0.10126
0.081665
0.050903
0.011719
-0.028564
-0.063843
-0.091858
-0.11133
-0.12152
-0.12524
-0.12775
-0.1297
-0.12634
-0.11426
-0.094788
-0.070923
-0.044556
-0.019104
0.0015869
0.017822
0.035156
0.05835
0.086365
0.11456
0.13904
0.1579
0.17004
0.17535
0.17401
0.16669
0.15448
0.13965
0.12604
0.11761
0.11774
0.12793
0.14764
0.1731
0.20001
0.22662
0.25305
0.27765
0.29761
0.31232
0.32379
0.33258
0.33655
0.3335
0.3244
0.31158
0.29578
0.27649
0.25525
0.23572
0.21899
0.20288
0.18573
0.16809
0.15027
0.13232
0.11578
0.10266
0.092957
0.085632
0.080505
0.077576
0.075073
0.070679
0.062561
0.049438
0.029968
0.0046997
-0.023743
-0.052185
-0.079407
-0.10522
-0.12732
-0.14178
-0.14734
-0.14709
-0.14496
-0.14148
-0.13525
-0.12537
-0.11212
-0.096375
-0.080383
-0.067444
-0.059998
-0.057495
-0.057739
-0.059204
-0.060791
-0.060669
-0.056702
-0.048889
-0.037781
-0.023193
-0.0060425
0.0097656
0.019958
0.023071
0.020996
0.016479
0.012024
0.0097046
0.011597
0.018616
0.029541
0.041992
0.053345
0.0625
0.067993
0.068237
0.062622
0.053162
0.043762
0.03656
0.030396
0.023132
0.014465
0.0045166
-0.0074463
-0.01947
-0.026611
-0.026733
-0.022949
-0.018372
-0.01239
-0.0043335
0.0042114
0.011841
0.017578
0.019226
0.015076
0.0061035
-0.0054932
-0.017822
-0.028625
-0.0354
-0.038025
-0.039185
-0.041138
-0.043579
-0.044922
-0.045288
-0.04657
-0.048767
-0.048157
-0.042053
-0.031921
-0.02002
-0.0062866
0.0073242
0.014893
0.01239
0.001709
-0.012756
-0.029724
-0.050171
-0.075989
-0.1098
-0.15515
-0.21356
-0.28064
-0.34583
-0.39795
-0.43036
-0.43829
-0.41846
-0.37457
-0.31964
-0.2663
-0.21918
-0.18048
-0.15735
-0.15503
-0.16815
-0.18518
-0.19879
-0.20734
-0.21027
-0.20874
-0.20868
-0.21692
-0.23303
-0.24963
-0.26001
-0.26019
-0.24731
-0.2204
-0.18506
-0.14935
-0.11621
-0.084778
-0.056091
-0.03064
-0.0045166
0.027771
0.066711
0.10901
0.15125
0.18872
0.21356
0.2182
0.20013
0.16443
0.12085
0.07843
0.043335
0.019653
0.008728
0.007019
0.0097046
0.015442
0.025024
0.036926
0.048645
0.060852
0.075134
0.089478
0.09906
0.10089
0.096069
0.086121
0.06958
0.044189
0.012329
-0.019653
-0.047241
-0.070129
-0.088806
-0.10345
-0.11517
-0.125
-0.13098
-0.12946
-0.11816
-0.097534
-0.070618
-0.041748
-0.01416
0.011047
0.03479
0.058044
0.080322
0.10028
0.11646
0.12836
0.1366
0.1424
0.14642
0.14771
0.14465
0.13812
0.13135
0.12665
0.12573
0.13165
0.14685
0.16895
0.19275
0.21655
0.24316
0.27344
0.30212
0.32349
0.33734
0.34698
0.35297
0.35376
0.35101
0.34723
0.34064
0.3277
0.3089
0.28735
0.26501
0.24323
0.22296
0.20264
0.17963
0.15515
0.13281
0.11462
0.10083
0.091919
0.087708
0.085876
0.083679
0.080261
0.07666
0.072815
0.065979
0.053162
0.033936
0.0084839
-0.023438
-0.058899
-0.091309
-0.11646
-0.13507
-0.14752
-0.15173
-0.14819
-0.14087
-0.1319
-0.12024
-0.10577
-0.091309
-0.080078
-0.072876
-0.068298
-0.064758
-0.06189
-0.059631
-0.05658
-0.051025
-0.04303
-0.032776
-0.020142
-0.0063477
0.0049438
0.01062
0.010254
0.0054932
-0.00097656
-0.0058594
-0.0064697
-0.0027466
0.0044556
0.015259
0.029602
0.045349
0.059326
0.07019
0.076721
0.077332
0.072266
0.064026
0.054565
0.044922
0.035522
0.025513
0.013672
0.0012817
-0.0097046
-0.019592
-0.027039
-0.027771
-0.021362
-0.014099
-0.010132
-0.0075073
-0.0050049
-0.0053101
-0.0081787
-0.0097656
-0.0093384
-0.0097656
-0.011902
-0.014099
-0.014893
-0.015015
-0.017456
-0.025879
-0.039368
-0.052856
-0.063904
-0.072815
-0.077026
-0.07312
-0.064636
-0.058472
-0.05304
-0.042297
-0.02832
-0.018799
-0.015625
-0.016968
-0.026245
-0.047119
-0.075684
-0.10828
-0.14954
-0.20581
-0.27533
-0.34766
-0.4079
-0.44299
-0.44763
-0.42322
-0.37488
-0.31555
-0.26355
-0.22607
-0.19739
-0.17834
-0.17877
-0.19653
-0.21631
-0.22968
-0.23682
-0.23517
-0.22449
-0.21503
-0.21698
-0.23065
-0.24982
-0.26642
-0.27252
-0.26495
-0.245
-0.21265
-0.17194
-0.13293
-0.10071
-0.070068
-0.039795
-0.013489
0.013184
0.048767
0.091858
0.13519
0.17426
0.20239
0.21075
0.1972
0.16681
0.12604
0.084778
0.054016
0.037231
0.032227
0.037659
0.049072
0.059021
0.065796
0.072205
0.076843
0.079102
0.084351
0.094055
0.10187
0.10522
0.1062
0.10297
0.09375
0.080383
0.061584
0.034668
0.0063477
-0.014587
-0.030212
-0.045654
-0.059326
-0.070068
-0.080994
-0.090271
-0.091797
-0.08374
-0.066833
-0.042114
-0.014832
0.010498
0.036072
0.062439
0.084961
0.10278
0.1189
0.13019
0.13306
0.13245
0.13306
0.13086
0.12378
0.11743
0.11615
0.11963
0.12793
0.14105
0.15704
0.17517
0.1944
0.21216
0.22968
0.25177
0.27582
0.29346
0.30408
0.31378
0.32367
0.3313
0.3371
0.34125
0.34149
0.33728
0.32922
0.31665
0.30054
0.2829
0.26227
0.23621
0.20831
0.1828
0.1601
0.14093
0.12866
0.12317
0.12012
0.11707
0.11298
0.10657
0.097839
0.087402
0.074219
0.058533
0.043701
0.030579
0.015198
-0.0053711
-0.029663
-0.055359
-0.080627
-0.1026
-0.11957
-0.13116
-0.13727
-0.13892
-0.13916
-0.13977
-0.14087
-0.14301
-0.14685
-0.15033
-0.14978
-0.14343
-0.13135
-0.11438
-0.093933
-0.072021
-0.050415
-0.030945
-0.016235
-0.0087891
-0.0097046
-0.01709
-0.026794
-0.035339
-0.041504
-0.044495
-0.042725
-0.035706
-0.024597
-0.010864
0.0046387
0.021912
0.039917
0.054565
0.062256
0.063538
0.060486
0.053467
0.044434
0.037476
0.032593
0.026733
0.021423
0.02002
0.020203
0.017639
0.013489
0.010071
0.0063477
0.0026245
0.00097656
0.00091553
0.00061035
-0.00012207
-0.0020752
-0.0065308
-0.011841
-0.016357
-0.020935
-0.025635
-0.027832
-0.026917
-0.024292
-0.020691
-0.019226
-0.023376
-0.031006
-0.03656
-0.040039
-0.043579
-0.044556
-0.039978
-0.032593
-0.026672
-0.023743
-0.02417
-0.0271
-0.031677
-0.039124
-0.050537
-0.063965
-0.079651
-0.10223
-0.13464
-0.17651
-0.22809
-0.28455
-0.33356
-0.3645
-0.37421
-0.362
-0.33026
-0.28931
-0.25073
-0.21979
-0.19965
-0.19232
-0.19513
-0.20367
-0.21582
-0.22638
-0.22852
-0.22327
-0.21741
-0.21484
-0.21753
-0.22845
-0.2442
-0.25653
-0.2616
-0.2572
-0.23828
-0.20605
-0.17041
-0.13745
-0.10632
-0.077942
-0.053162
-0.028137
0.00048828
0.032837
0.069336
0.10736
0.138
0.15503
0.15912
0.1496
0.12622
0.096985
0.072266
0.055115
0.045959
0.046326
0.052856
0.059448
0.064636
0.069153
0.071228
0.071045
0.071777
0.075073
0.080872
0.089478
0.098389
0.10309
0.10278
0.098206
0.087646
0.070862
0.051208
0.031189
0.011108
-0.0076294
-0.023865
-0.039001
-0.053711
-0.065491
-0.072083
-0.072998
-0.068481
-0.059814
-0.047791
-0.031433
-0.011169
0.010437
0.032715
0.055786
0.076355
0.0896
0.095154
0.097717
0.10107
0.1051
0.10748
0.10791
0.10974
0.11572
0.12445
0.13422
0.14661
0.16248
0.17896
0.19275
0.20349
0.21381
0.22705
0.24329
0.25854
0.26984
0.27954
0.29102
0.30316
0.31299
0.32037
0.32568
0.32764
0.32428
0.31598
0.3053
0.29443
0.28265
0.2674
0.24823
0.22717
0.2074
0.19092
0.177
0.16315
0.14893
0.13617
0.12427
0.11047
0.096497
0.086121
0.077454
0.06427
0.045532
0.024536
0.0032349
-0.017944
-0.03656
-0.051208
-0.064331
-0.078491
-0.092896
-0.10614
-0.11823
-0.12952
-0.13977
-0.14954
-0.15985
-0.16968
-0.17615
-0.17688
-0.17169
-0.16211
-0.15045
-0.13959
-0.13086
-0.12292
-0.1131
-0.099609
-0.083435
-0.068237
-0.057129
-0.050903
-0.048645
-0.048462
-0.047302
-0.043335
-0.03833
-0.034851
-0.032166
-0.027466
-0.020752
-0.01416
-0.0077515
-0.00048828
0.0076904
0.014648
0.019104
0.021606
0.023315
0.024475
0.026245
0.03125
0.039063
0.045837
0.050598
0.054077
0.053589
0.047546
0.041016
0.036804
0.030029
0.019775
0.012085
0.0066528
-0.0016479
-0.010376
-0.013489
-0.012878
-0.012024
-0.0095215
-0.0073853
-0.0092773
-0.013428
-0.018738
-0.028381
-0.038086
-0.03949
-0.0354
-0.031372
-0.022705
-0.0097046
-0.0047607
-0.008728
-0.0092773
-0.0079956
-0.015808
-0.028259
-0.037415
-0.049438
-0.067444
-0.082764
-0.096313
-0.11963
-0.15503
-0.19904
-0.25122
-0.30206
-0.3349
-0.34576
-0.3382
-0.3103
-0.2691
-0.23413
-0.21185
-0.19586
-0.19183
-0.20709
-0.22852
-0.24158
-0.24994
-0.25519
-0.24884
-0.23376
-0.22498
-0.22729
-0.2373
-0.25385
-0.27271
-0.28589
-0.29004
-0.28284
-0.26013
-0.22662
-0.19305
-0.16119
-0.12976
-0.10577
-0.089539
-0.06781
-0.03363
0.0065308
0.049622
0.095764
0.13477
0.1546
0.1546
0.1402
0.11566
0.088013
0.06488
0.049988
0.045715
0.051697
0.061218
0.068359
0.073608
0.075745
0.070496
0.060669
0.055237
0.057495
0.064819
0.075195
0.087036
0.097046
0.10272
0.10101
0.089233
0.06958
0.047302
0.024719
0.0033569
-0.013245
-0.02478
-0.034729
-0.044128
-0.052856
-0.0625
-0.070801
-0.072021
-0.065186
-0.052795
-0.033203
-0.0055542
0.023804
0.049316
0.07135
0.088989
0.099243
0.10364
0.10602
0.10663
0.1051
0.10321
0.1026
0.104
0.10815
0.11298
0.11578
0.11908
0.12677
0.13715
0.14801
0.16272
0.18347
0.20624
0.22687
0.2442
0.25745
0.26715
0.27588
0.28442
0.29224
0.30054
0.30945
0.31622
0.32025
0.32306
0.32159
0.31061
0.29193
0.27112
0.24841
0.22345
0.20099
0.18396
0.16956
0.15631
0.14563
0.13727
0.12964
0.12323
0.11676
0.10657
0.092773
0.078857
0.065186
0.049988
0.034546
0.019287
0.0011597
-0.021118
-0.044312
-0.067017
-0.090088
-0.11206
-0.13086
-0.14697
-0.16016
-0.16663
-0.16479
-0.15698
-0.14612
-0.13391
-0.12274
-0.11414
-0.10638
-0.098511
-0.09198
-0.087036
-0.08197
-0.076416
-0.071411
-0.065918
-0.058716
-0.052185
-0.048828
-0.047974
-0.047668
-0.047119
-0.045593
-0.041565
-0.035034
-0.027466
-0.01886
-0.0084839
0.003418
0.016296
0.030151
0.043274
0.052734
0.057556
0.059814
0.061157
0.061218
0.059387
0.055298
0.049927
0.045654
0.044678
0.046143
0.046509
0.044006
0.038818
0.030762
0.019104
0.0062866
-0.0039673
-0.012024
-0.020264
-0.026489
-0.026794
-0.023376
-0.020386
-0.016724
-0.010681
-0.0061035
-0.0049438
-0.0029907
0.0010986
0.0040283
0.0063477
0.010437
0.011658
0.0061646
-0.00048828
-0.0045776
-0.010681
-0.020508
-0.029724
-0.038879
-0.05127
-0.065002
-0.082153
-0.11328
-0.16077
-0.21393
-0.26538
-0.31122
-0.33936
-0.341
-0.3241
-0.29901
-0.26837
-0.23828
-0.2193
-0.21204
-0.21234
-0.2229
-0.2428
-0.26074
-0.27136
-0.27777
-0.27771
-0.26849
-0.26038
-0.26392
-0.27618
-0.29047
-0.30389
-0.31
-0.30292
-0.2851
-0.26031
-0.2287
-0.19543
-0.16876
-0.1474
-0.12488
-0.10016
-0.072021
-0.035889
0.0075684
0.052185
0.093689
0.12646
0.14093
0.13501
0.11603
0.09021
0.061951
0.040161
0.031372
0.033142
0.04187
0.055908
0.070374
0.079895
0.08374
0.082764
0.077759
0.072815
0.072021
0.07489
0.080444
0.088623
0.094543
0.093018
0.085266
0.074097
0.059021
0.042969
0.031738
0.024292
0.016296
0.0089111
0.0039673
-0.0023193
-0.01239
-0.02356
-0.033813
-0.041687
-0.042908
-0.03418
-0.016235
0.0097656
0.040222
0.067383
0.085632
0.096008
0.099304
0.09491
0.086182
0.07843
0.073425
0.07251
0.078186
0.089478
0.10284
0.11609
0.1275
0.13562
0.14313
0.15393
0.16797
0.18365
0.20032
0.21539
0.22601
0.23322
0.23822
0.23956
0.23871
0.23907
0.23981
0.24084
0.24817
0.26337
0.27875
0.28931
0.29523
0.29285
0.27771
0.25488
0.2334
0.21649
0.20428
0.19623
0.18872
0.17877
0.16718
0.15338
0.13501
0.11438
0.095886
0.07959
0.063843
0.049072
0.034973
0.021057
0.008728
-0.0022583
-0.014526
-0.027161
-0.037354
-0.045715
-0.053467
-0.058167
-0.059448
-0.060486
-0.0625
-0.065674
-0.072815
-0.08374
-0.093994
-0.10144
-0.10693
-0.10815
-0.10382
-0.09845
-0.094116
-0.088806
-0.084045
-0.08374
-0.085938
-0.086792
-0.086731
-0.08606
-0.081909
-0.073853
-0.064148
-0.053284
-0.04187
-0.031799
-0.023499
-0.016235
-0.011719
-0.011047
-0.011902
-0.012695
-0.013611
-0.014587
-0.014771
-0.014709
-0.016357
-0.020935
-0.026184
-0.027283
-0.022156
-0.013489
-0.0023804
0.011902
0.025452
0.031738
0.031006
0.027039
0.019958
0.010315
0.0019531
-0.0046387
-0.0099487
-0.010559
-0.0059814
-0.0025024
-0.0020142
-0.0015869
-0.0039063
-0.011902
-0.018433
-0.018372
-0.016479
-0.013733
-0.0061646
0.001709
0.0037231
0.0042114
0.0050659
-0.00042725
-0.010681
-0.01709
-0.023438
-0.037476
-0.055054
-0.074524
-0.10681
-0.15338
-0.20166
-0.24591
-0.28571
-0.3111
-0.31476
-0.30408
-0.28674
-0.2644
-0.24384
-0.23218
-0.22723
-0.22778
-0.23773
-0.25311
-0.26508
-0.27411
-0.28223
-0.28326
-0.27747
-0.27557
-0.28113
-0.28784
-0.29443
-0.30176
-0.30396
-0.29608
-0.28015
-0.25854
-0.23346
-0.20923
-0.18652
-0.16174
-0.13483
-0.10687
-0.074341
-0.036743
-0.00030518
0.032104
0.06134
0.082458
0.08905
0.082947
0.069458
0.051941
0.035828
0.027405
0.027161
0.033508
0.04657
0.063049
0.076233
0.083679
0.086609
0.085449
0.082458
0.082275
0.08551
0.090088
0.096252
0.10272
0.10376
0.095642
0.081299
0.06427
0.046753
0.031372
0.020081
0.013367
0.012085
0.01532
0.017334
0.014648
0.0089111
0.0012817
-0.0091553
-0.019287
-0.02301
-0.018677
-0.0072632
0.010742
0.032654
0.052979
0.067932
0.076416
0.078247
0.075378
0.07135
0.068237
0.066833
0.069458
0.077087
0.088013
0.10071
0.11481
0.12848
0.14026
0.15076
0.16119
0.17285
0.18738
0.20392
0.21881
0.23065
0.24066
0.24811
0.25104
0.25159
0.25317
0.25549
0.25708
0.25818
0.26025
0.26367
0.26685
0.26544
0.25684
0.24396
0.23102
0.21857
0.2074
0.20087
0.19946
0.19952
0.19843
0.19611
0.1908
0.1803
0.16473
0.14569
0.12463
0.10382
0.085205
0.07019
0.058899
0.049744
0.039551
0.027161
0.014648
0.0031128
-0.0079956
-0.017456
-0.023438
-0.026428
-0.028381
-0.030457
-0.034485
-0.042114
-0.052856
-0.064148
-0.07373
-0.079956
-0.081482
-0.078796
-0.07373
-0.067993
-0.06311
-0.060974
-0.062439
-0.067139
-0.075012
-0.086182
-0.098206
-0.10724
-0.11102
-0.10968
-0.104
-0.094971
-0.084656
-0.075256
-0.067261
-0.059998
-0.052856
-0.045959
-0.040222
-0.037476
-0.038513
-0.041687
-0.044861
-0.047424
-0.049011
-0.048035
-0.043823
-0.037292
-0.029114
-0.020752
-0.014404
-0.011108
-0.010864
-0.013916
-0.018738
-0.021484
-0.020325
-0.016785
-0.011169
-0.0029297
0.0059814
0.01355
0.020142
0.025146
0.025574
0.021912
0.01709
0.011047
0.0028076
-0.0048828
-0.0093384
-0.011902
-0.014343
-0.017029
-0.020142
-0.022888
-0.024414
-0.026917
-0.032471
-0.039917
-0.050659
-0.070007
-0.097656
-0.12689
-0.15466
-0.18182
-0.20502
-0.21948
-0.22614
-0.2276
-0.22522
-0.2215
-0.21918
-0.21796
-0.21851
-0.22241
-0.22736
-0.22968
-0.23004
-0.22949
-0.22668
-0.22369
-0.22443
-0.22742
-0.2301
-0.23425
-0.23969
-0.24109
-0.23669
-0.22949
-0.21881
-0.20349
-0.18787
-0.17505
-0.16272
-0.1488
-0.13324
-0.1142
-0.089783
-0.062805
-0.036133
-0.011597
0.0075684
0.02002
0.02771
0.031677
0.031494
0.03064
0.033081
0.037415
0.042358
0.049866
0.059326
0.066345
0.069763
0.071045
0.06958
0.065857
0.063293
0.063477
0.065552
0.069214
0.07312
0.074951
0.075256
0.075989
0.076172
0.075134
0.075195
0.077271
0.079041
0.079895
0.08075
0.080322
0.076782
0.071289
0.064697
0.056519
0.047485
0.040466
0.036804
0.036316
0.038635
0.043518
0.050232
0.057861
0.064758
0.069153
0.071655
0.07428
0.077759
0.081116
0.083618
0.086304
0.090149
0.094055
0.096252
0.097778
0.10046
0.10345
0.10516
0.10699
0.11157
0.11908
0.12891
0.14093
0.15399
0.16614
0.17731
0.18774
0.19659
0.20355
0.20978
0.21588
0.22211
0.22888
0.23474
0.23657
0.23315
0.22589
0.21539
0.20197
0.18787
0.17493
0.16351
0.15448
0.14911
0.14606
0.14319
0.14014
0.13684
0.13123
0.1225
0.11328
0.10596
0.099548
0.092529
0.085205
0.078308
0.071106
0.062134
0.051208
0.039307
0.027344
0.016052
0.0066528
-0.00030518
-0.0056152
-0.011169
-0.018188
-0.026917
-0.037231
-0.048767
-0.059937
-0.06842
-0.073181
-0.075073
-0.07489
-0.072876
-0.069885
-0.067749
-0.067444
-0.068848
-0.072571
-0.079102
-0.086975
-0.093628
-0.097961
-0.10016
-0.10089
-0.10059
-0.09967
-0.098572
-0.097656
-0.096069
-0.092224
-0.085815
-0.077942
-0.069214
-0.060913
-0.054504
-0.049927
-0.045227
-0.040283
-0.036377
-0.032776
-0.027527
-0.021118
-0.014771
-0.0080566
-0.0014038
0.0030518
0.0041504
0.0026855
-0.00030518
-0.003479
-0.0053711
-0.0062866
-0.006958
-0.0061035
-0.0025635
0.0023804
0.0070801
0.011108
0.013672
0.013794
0.012329
0.010864
0.0093994
0.006958
0.0027466
-0.0038452
-0.013062
-0.023926
-0.035522
-0.047241
-0.058411
-0.068848
-0.079285
-0.09021
-0.10101
-0.11115
-0.12079
-0.13019
-0.13965
-0.1499
-0.16113
-0.1723
-0.18201
-0.1897
-0.19635
-0.20319
-0.21014
-0.216
-0.22144
-0.22833
-0.23718
-0.2464
-0.255
-0.263
-0.27008
-0.2749
-0.27637
-0.27496
-0.27216
-0.26923
-0.26538
-0.25934
-0.25043
-0.23877
-0.22504
-0.21045
-0.19598
-0.18103
-0.16522
-0.15021
-0.13818
-0.12988
-0.12476
-0.12152
-0.11865
-0.11481
-0.10858
-0.099304
-0.086975
-0.072754
-0.057739
-0.04248
-0.027649
-0.013184
0.0010986
0.014404
0.025452
0.034241
0.041382
0.046387
0.048767
0.049438
0.049133
0.047974
0.046814
0.047607
0.051331
0.057373
0.065063
0.07373
0.082336
0.089539
0.093872
0.09491
0.093872
0.092651
0.092285
0.09314
0.095581
0.099426
0.10352
0.10687
0.10913
0.11017
0.10986
0.10767
0.10339
0.097961
0.093323
0.090027
0.087402
0.085388
0.084473
0.084961
0.086853
0.091003
0.09729
0.10516
0.11462
0.12543
0.13605
0.1452
0.15302
0.15955
0.16449
0.16833
0.17273
0.17896
0.18738
0.19733
0.20697
0.21497
0.22211
0.22931
0.2359
0.24097
0.24493
0.24817
0.25018
0.25128
0.25189
0.25214
0.25214
0.25201
0.25122
0.24884
0.24524
0.24097
0.23529
0.22711
0.21704
0.20624
0.19531
0.18475
0.17529
0.16705
0.15967
0.15314
0.14734
0.14178
0.13617
0.13062
0.12451
0.117
0.10822
0.098633
0.088623
0.078491
0.06842
0.057861
0.045959
0.032837
0.019165
0.0061646
-0.0049438
-0.013977
-0.022278
-0.030823
-0.039001
-0.046509
-0.054138
-0.0625
-0.070984
-0.078491
-0.084534
-0.088806
-0.091309
-0.091797
-0.090454
-0.088989
-0.088989
-0.0896
-0.0896
-0.089233
-0.089722
-0.090942
-0.09259
-0.095154
-0.098145
-0.099915
-0.099731
-0.098267
-0.095886
-0.092468
-0.087524
-0.080383
-0.071411
-0.061768
-0.052246
-0.043396
-0.036438
-0.03186
-0.028381
-0.025146
-0.022888
-0.022156
-0.0224
-0.022827
-0.023376
-0.023621
-0.023315
-0.022888
-0.022095
-0.020935
-0.020325
-0.02124
-0.023865
-0.027954
-0.032959
-0.038025
-0.043091
-0.049438
-0.057434
-0.065918
-0.074585
-0.084412
-0.095947
-0.10864
-0.1228
-0.13934
-0.159
-0.18085
-0.20343
-0.22516
-0.245
-0.2616
-0.27362
-0.2804
-0.28302
-0.28326
-0.28247
-0.2818
-0.28198
-0.28296
-0.28467
-0.28754
-0.29163
-0.29669
-0.30341
-0.31256
-0.3222
-0.32874
-0.33051
-0.32849
-0.32373
-0.31506
-0.30103
-0.28217
-0.26062
-0.23853
-0.21716
-0.19812
-0.18304
-0.17169
-0.16144
-0.15045
-0.13867
-0.12579
-0.11011
-0.091187
-0.070862
-0.051697
-0.035034
-0.021362
-0.0097656
0.0012207
0.011658
0.020691
0.027466
0.031921
0.034424
0.035828
0.037354
0.039856
0.044434
0.052795
0.065796
0.082458
0.10114
0.12048
0.13892
0.1546
0.16602
0.17163
0.17084
0.16553
0.15948
0.15515
0.15247
0.15106
0.15106
0.15179
0.1521
0.15149
0.15051
0.14941
0.1485
0.14801
0.1474
0.146
0.14392
0.14166
0.13959
0.13751
0.13562
0.13452
0.13489
0.1366
0.13953
0.1438
0.14911
0.15393
0.15686
0.15833
0.15912
0.15826
0.15509
0.15155
0.15082
0.15479
0.16333
0.17511
0.18805
0.20032
0.21057
0.2182
0.22369
0.22815
0.23169
0.2334
0.23242
0.2298
0.22778
0.22754
0.22821
0.22815
0.22736
0.22614
0.22357
0.21851
0.21179
0.20526
0.19891
0.19183
0.18402
0.17596
0.16736
0.15808
0.14935
0.14319
0.13983
0.13782
0.13574
0.13306
0.12976
0.125
0.11786
0.10815
0.096802
0.084839
0.072693
0.060242
0.047791
0.036377
0.026733
0.018921
0.012268
0.0061646
-0.00054932
-0.0087891
-0.018494
-0.028992
-0.040344
-0.052307
-0.064087
-0.07489
-0.084961
-0.094238
-0.10175
-0.10767
-0.11304
-0.1181
-0.12115
-0.12158
-0.12128
-0.12256
-0.125
-0.12744
-0.13031
-0.13458
-0.1394
-0.14319
-0.14606
-0.14844
-0.14941
-0.14783
-0.1438
-0.13788
-0.13013
-0.12146
-0.11346
-0.10669
-0.10046
-0.093994
-0.086914
-0.079285
-0.071228
-0.063599
-0.056824
-0.050842
-0.045776
-0.04187
-0.038879
-0.0354
-0.031006
-0.027222
-0.025757
-0.026855
-0.029663
-0.033752
-0.038513
-0.042969
-0.046997
-0.052368
-0.059753
-0.067993
-0.075256
-0.081299
-0.086426
-0.091248
-0.097595
-0.10748
-0.12152
-0.13843
-0.15674
-0.17596
-0.19458
-0.21057
-0.22278
-0.23175
-0.23962
-0.24799
-0.25757
-0.2677
-0.27808
-0.28809
-0.29742
-0.30511
-0.31091
-0.31573
-0.32019
-0.32336
-0.32434
-0.32379
-0.32208
-0.31775
-0.30896
-0.29541
-0.27814
-0.25751
-0.23438
-0.21161
-0.1922
-0.17743
-0.16663
-0.15875
-0.15234
-0.14465
-0.13336
-0.11786
-0.098755
-0.077148
-0.054932
-0.033752
-0.014099
0.0041504
0.020569
0.034729
0.047607
0.060059
0.070923
0.078247
0.08252
0.085938
0.089844
0.093811
0.098083
0.10431
0.11371
0.12592
0.13965
0.1535
0.16571
0.17407
0.17773
0.17725
0.17401
0.16943
0.16516
0.16284
0.16327
0.16589
0.16949
0.17303
0.17584
0.17743
0.17719
0.17529
0.172
0.1676
0.16241
0.15674
0.15112
0.14563
0.13971
0.13391
0.12958
0.12732
0.12634
0.12671
0.12939
0.13489
0.14178
0.14868
0.15533
0.16132
0.16534
0.16675
0.16736
0.16876
0.17114
0.17438
0.17975
0.18811
0.19763
0.20483
0.20789
0.20758
0.20587
0.20367
0.20074
0.19708
0.19324
0.19055
0.1897
0.19055
0.19269
0.1955
0.198
0.19916
0.19867
0.19696
0.19421
0.18982
0.18372
0.17664
0.16864
0.15967
0.14996
0.14038
0.13184
0.12488
0.11987
0.11694
0.11548
0.11475
0.11401
0.11212
0.1076
0.099976
0.090454
0.080139
0.069153
0.058228
0.048584
0.04071
0.033813
0.02771
0.022949
0.018555
0.012451
0.0031738
-0.0078125
-0.018921
-0.029907
-0.040894
-0.050964
-0.059937
-0.068665
-0.077637
-0.085693
-0.092163
-0.097656
-0.10229
-0.10504
-0.10522
-0.1037
-0.10193
-0.10052
-0.099854
-0.10034
-0.10211
-0.1048
-0.10822
-0.112
-0.11475
-0.11462
-0.11145
-0.10669
-0.10126
-0.094543
-0.086365
-0.078491
-0.073242
-0.070923
-0.069824
-0.068115
-0.065247
-0.061279
-0.056824
-0.052673
-0.049744
-0.047852
-0.046204
-0.044678
-0.043884
-0.044434
-0.045776
-0.046631
-0.046631
-0.046631
-0.047363
-0.048889
-0.051208
-0.054565
-0.059326
-0.065796
-0.073669
-0.082336
-0.090698
-0.098572
-0.10779
-0.12054
-0.13708
-0.15564
-0.17444
-0.19281
-0.20947
-0.22327
-0.23376
-0.242
-0.24884
-0.25513
-0.26227
-0.27136
-0.28192
-0.29205
-0.3009
-0.30865
-0.31561
-0.3219
-0.32776
-0.33313
-0.33704
-0.33832
-0.33643
-0.33124
-0.32251
-0.31012
-0.29456
-0.27667
-0.25775
-0.23944
-0.22345
-0.21057
-0.19995
-0.18982
-0.17792
-0.16302
-0.14508
-0.12482
-0.10272
-0.079773
-0.057739
-0.038208
-0.020508
-0.003418
0.013123
0.02771
0.0401
0.051086
0.060303
0.066589
0.070374
0.073792
0.078247
0.083496
0.090088
0.099976
0.11395
0.12988
0.14526
0.15906
0.17065
0.17883
0.18225
0.18152
0.17834
0.1745
0.17084
0.16791
0.16595
0.16437
0.16217
0.15918
0.15607
0.15344
0.15143
0.14984
0.14825
0.14642
0.14404
0.14148
0.1394
0.13824
0.13831
0.13959
0.14185
0.14435
0.14661
0.14948
0.15387
0.15936
0.16473
0.16974
0.17493
0.17993
0.18359
0.18524
0.1861
0.18756
0.19031
0.19446
0.19989
0.20587
0.21112
0.21503
0.21838
0.22192
0.22516
0.22681
0.22632
0.22461
0.22284
0.22156
0.22034
0.21881
0.21631
0.21246
0.20703
0.2002
0.19177
0.18213
0.17212
0.1626
0.15356
0.14429
0.13477
0.1261
0.11853
0.11139
0.1048
0.10016
0.098145
0.096985
0.09436
0.089417
0.08252
0.074341
0.065552
0.057373
0.050171
0.043213
0.035583
0.0271
0.018372
0.010193
0.0032349
-0.0032349
-0.010315
-0.018188
-0.025635
-0.031982
-0.038086
-0.044556
-0.050842
-0.056274
-0.060913
-0.064819
-0.06781
-0.070129
-0.072571
-0.075134
-0.077026
-0.078247
-0.079773
-0.082153
-0.085205
-0.088623
-0.09259
-0.096741
-0.10028
-0.10266
-0.10382
-0.10394
-0.10345
-0.10254
-0.10022
-0.095154
-0.087341
-0.077759
-0.068176
-0.059937
-0.054138
-0.050903
-0.049011
-0.047424
-0.046326
-0.045715
-0.044678
-0.042847
-0.041199
-0.040588
-0.040588
-0.040955
-0.042053
-0.044189
-0.046753
-0.049438
-0.052429
-0.056091
-0.060364
-0.065857
-0.072815
-0.080566
-0.088257
-0.096069
-0.10437
-0.11285
-0.1217
-0.13208
-0.14459
-0.15778
-0.17102
-0.18518
-0.20013
-0.21338
-0.22247
-0.22864
-0.2348
-0.24219
-0.25031
-0.25922
-0.26953
-0.28027
-0.28937
-0.29614
-0.30237
-0.30988
-0.31824
-0.3255
-0.33075
-0.33435
-0.33575
-0.33325
-0.3255
-0.31305
-0.29736
-0.28009
-0.26294
-0.24762
-0.23456
-0.22308
-0.2124
-0.20209
-0.19141
-0.17877
-0.16309
-0.14459
-0.12506
-0.10608
-0.088928
-0.073181
-0.057617
-0.041748
-0.026184
-0.010986
0.0045776
0.020508
0.034668
0.04541
0.053345
0.060669
0.068665
0.077637
0.088379
0.1015
0.11652
0.1322
0.14746
0.16132
0.172
0.17841
0.18085
0.18066
0.17914
0.17731
0.1759
0.17505
0.17468
0.17517
0.17639
0.17749
0.17676
0.17389
0.17035
0.1676
0.16534
0.16278
0.1604
0.15924
0.15906
0.15808
0.15582
0.15387
0.15369
0.15466
0.15625
0.15924
0.16437
0.16992
0.17389
0.17603
0.17792
0.17987
0.18091
0.18103
0.18182
0.185
0.19049
0.19769
0.20642
0.21643
0.22644
0.23413
0.23773
0.23743
0.23511
0.23236
0.22925
0.22565
0.22205
0.21893
0.21558
0.21136
0.20636
0.20142
0.19647
0.19128
0.18665
0.18335
0.18066
0.17664
0.17059
0.16388
0.1579
0.15167
0.14374
0.13409
0.12451
0.11664
0.11053
0.10602
0.1026
0.098938
0.093445
0.085022
0.074219
0.062073
0.050049
0.039307
0.030334
0.022888
0.016663
0.011475
0.0070801
0.0025635
-0.0029907
-0.0096436
-0.016785
-0.024109
-0.031555
-0.038635
-0.045166
-0.05127
-0.057312
-0.063293
-0.06897
-0.074585
-0.080383
-0.085876
-0.090271
-0.09314
-0.093994
-0.092773
-0.090393
-0.088196
-0.086792
-0.086121
-0.085876
-0.086548
-0.087524
-0.08728
-0.084412
-0.079529
-0.074219
-0.069214
-0.06427
-0.059509
-0.056091
-0.054932
-0.055542
-0.056946
-0.058594
-0.059692
-0.059326
-0.056946
-0.053467
-0.050659
-0.049194
-0.048218
-0.047119
-0.045471
-0.043457
-0.040833
-0.038208
-0.036743
-0.037537
-0.040833
-0.04718
-0.05719
-0.071045
-0.087463
-0.10474
-0.12183
-0.13904
-0.15723
-0.17651
-0.19598
-0.21436
-0.23065
-0.24487
-0.25763
-0.26941
-0.28064
-0.29156
-0.30206
-0.31201
-0.32104
-0.32904
-0.3363
-0.34351
-0.3512
-0.35895
-0.3653
-0.36914
-0.3703
-0.36932
-0.36609
-0.35974
-0.3501
-0.33801
-0.32477
-0.31128
-0.2981
-0.28546
-0.27332
-0.26117
-0.2486
-0.23553
-0.22131
-0.20471
-0.18518
-0.16431
-0.14398
-0.125
-0.10693
-0.089539
-0.072876
-0.05658
-0.039978
-0.023315
-0.0078125
0.0057373
0.017639
0.028564
0.03894
0.049194
0.059998
0.071655
0.084534
0.098999
0.11475
0.13025
0.14392
0.15576
0.16614
0.17426
0.17841
0.17914
0.17841
0.17798
0.17755
0.17719
0.17767
0.17938
0.1806
0.17932
0.17584
0.17206
0.16931
0.1673
0.16559
0.16418
0.16248
0.15973
0.15594
0.1524
0.14972
0.14771
0.14636
0.14648
0.14929
0.15503
0.16278
0.17151
0.17987
0.18719
0.19336
0.19824
0.20178
0.20428
0.20697
0.21136
0.21796
0.22589
0.23413
0.24188
0.2486
0.25366
0.25665
0.25769
0.25739
0.25604
0.2536
0.25031
0.24652
0.24286
0.23938
0.23596
0.23206
0.22766
0.22284
0.21838
0.21454
0.21082
0.20648
0.20111
0.19415
0.185
0.17365
0.16101
0.14801
0.1347
0.12183
0.11078
0.1026
0.096375
0.09082
0.0849
0.077637
0.068115
0.05719
0.046936
0.03833
0.030457
0.022461
0.014893
0.0083008
0.0023193
-0.0038452
-0.0097656
-0.014648
-0.019653
-0.026917
-0.036133
-0.044861
-0.052246
-0.060242
-0.070313
-0.080933
-0.089661
-0.096802
-0.10413
-0.11108
-0.11578
-0.11768
-0.11835
-0.11823
-0.11591
-0.11096
-0.10516
-0.10046
-0.097229
-0.094604
-0.092773
-0.091919
-0.091431
-0.090698
-0.089661
-0.088745
-0.08783
-0.086609
-0.0849
-0.083252
-0.082153
-0.081665
-0.081055
-0.079773
-0.077759
-0.075439
-0.072693
-0.069763
-0.067017
-0.064575
-0.062256
-0.060303
-0.059448
-0.059692
-0.060364
-0.06134
-0.06427
-0.069702
-0.076782
-0.084717
-0.094543
-0.1073
-0.12183
-0.13666
-0.15179
-0.16772
-0.18365
-0.19824
-0.21124
-0.22235
-0.23108
-0.23761
-0.24377
-0.2514
-0.26062
-0.27026
-0.27948
-0.28851
-0.29779
-0.30688
-0.315
-0.3222
-0.32916
-0.3363
-0.34296
-0.34772
-0.34991
-0.34973
-0.34698
-0.3407
-0.33051
-0.31799
-0.30493
-0.29218
-0.27979
-0.26801
-0.25702
-0.24567
-0.23248
-0.21722
-0.20032
-0.18188
-0.1618
-0.14081
-0.12036
-0.10205
-0.086243
-0.072144
-0.058655
-0.045044
-0.031555
-0.019104
-0.0078735
0.0026855
0.012634
0.021912
0.031433
0.042908
0.05658
0.071899
0.088562
0.10693
0.12598
0.14362
0.15881
0.17133
0.1806
0.18561
0.18707
0.18689
0.18665
0.18646
0.18671
0.1875
0.18823
0.18768
0.18561
0.18237
0.17822
0.17365
0.16949
0.16608
0.16254
0.15863
0.1554
0.15381
0.15356
0.15393
0.15503
0.15753
0.16113
0.16522
0.16986
0.17548
0.1825
0.19
0.19678
0.20209
0.20636
0.21008
0.21307
0.2149
0.2171
0.22162
0.22852
0.23566
0.24158
0.24677
0.25122
0.25354
0.25311
0.2514
0.24969
0.24768
0.24493
0.24255
0.2417
0.2417
0.24091
0.23846
0.2345
0.22986
0.22467
0.21881
0.21246
0.20618
0.20026
0.19409
0.18695
0.17865
0.16962
0.15967
0.14844
0.13623
0.12476
0.11572
0.10901
0.10333
0.097351
0.090698
0.083252
0.074768
0.065247
0.055542
0.047119
0.039612
0.031982
0.024475
0.01825
0.012817
0.0061646
-0.0026245
-0.012756
-0.023621
-0.035522
-0.047668
-0.058044
-0.065796
-0.071777
-0.076904
-0.08075
-0.083679
-0.087524
-0.092468
-0.096741
-0.098816
-0.098816
-0.097046
-0.093689
-0.089539
-0.086121
-0.083923
-0.08252
-0.081848
-0.081848
-0.081726
-0.08075
-0.078796
-0.076538
-0.074585
-0.072876
-0.071289
-0.069885
-0.069397
-0.070496
-0.072876
-0.07605
-0.07959
-0.082703
-0.084229
-0.083923
-0.083191
-0.083679
-0.085754
-0.08905
-0.093628
-0.099731
-0.10699
-0.1145
-0.1217
-0.1297
-0.13953
-0.15161
-0.16528
-0.18054
-0.19769
-0.21649
-0.23468
-0.24939
-0.25977
-0.26678
-0.27118
-0.27313
-0.27466
-0.27856
-0.28571
-0.29376
-0.30133
-0.30927
-0.31775
-0.32465
-0.32849
-0.33099
-0.33417
-0.3371
-0.33746
-0.33514
-0.33093
-0.32452
-0.31439
-0.30096
-0.28619
-0.27185
-0.25879
-0.24725
-0.2373
-0.22864
-0.22058
-0.21136
-0.19885
-0.18207
-0.16223
-0.14081
-0.11859
-0.096741
-0.07666
-0.058899
-0.043518
-0.030762
-0.020569
-0.011414
-0.0021973
0.0071411
0.016357
0.025391
0.034424
0.043152
0.051758
0.061279
0.072266
0.0849
0.098633
0.11285
0.1264
0.13794
0.14636
0.15106
0.1524
0.15179
0.15131
0.15228
0.15472
0.15753
0.16003
0.16254
0.16522
0.16699
0.16644
0.16357
0.1601
0.15753
0.15582
0.15399
0.15216
0.15112
0.15125
0.15253
0.15454
0.15753
0.16162
0.16669
0.17218
0.17725
0.1817
0.18658
0.19226
0.198
0.20294
0.2074
0.21198
0.21625
0.2196
0.22296
0.22809
0.23511
0.24243
0.24878
0.25433
0.25909
0.26196
0.26196
0.25989
0.25726
0.25427
0.25037
0.2467
0.24469
0.24396
0.24286
0.24084
0.23859
0.23596
0.23151
0.22443
0.21588
0.20746
0.1994
0.19086
0.18158
0.17206
0.16278
0.1535
0.14398
0.13495
0.12701
0.12048
0.11444
0.10834
0.10223
0.096313
0.090027
0.082642
0.073853
0.064026
0.053162
0.041931
0.03186
0.024353
0.019348
0.015991
0.013489
0.010742
0.0064697
-0.00024414
-0.0095215
-0.019836
-0.029907
-0.039795
-0.049561
-0.058533
-0.065674
-0.071411
-0.076111
-0.079163
-0.079529
-0.077576
-0.074097
-0.069336
-0.063416
-0.0578
-0.054138
-0.052368
-0.051575
-0.051331
-0.05304
-0.057251
-0.062378
-0.066467
-0.069336
-0.071594
-0.072998
-0.073059
-0.072449
-0.072327
-0.073059
-0.074646
-0.077942
-0.08313
-0.089172
-0.095337
-0.10199
-0.10974
-0.11792
-0.12537
-0.13202
-0.13885
-0.14661
-0.15497
-0.16449
-0.17639
-0.19141
-0.20868
-0.22693
-0.2453
-0.26331
-0.28052
-0.29639
-0.31036
-0.32208
-0.33203
-0.34125
-0.34973
-0.35693
-0.36292
-0.36871
-0.37451
-0.37958
-0.38348
-0.38739
-0.39209
-0.39612
-0.3974
-0.39551
-0.3916
-0.38538
-0.37512
-0.36035
-0.34265
-0.32452
-0.30731
-0.29163
-0.27795
-0.2666
-0.2569
-0.24713
-0.23584
-0.22241
-0.20648
-0.18762
-0.16626
-0.14374
-0.12134
-0.099792
-0.079895
-0.061584
-0.044067
-0.026855
-0.01062
0.0041504
0.017517
0.02948
0.039307
0.047241
0.054749
0.063171
0.073059
0.084473
0.097351
0.11176
0.12726
0.1424
0.15564
0.16614
0.17334
0.17706
0.17841
0.17963
0.18243
0.18628
0.18933
0.19098
0.19177
0.19177
0.18982
0.18512
0.17914
0.17365
0.16913
0.16473
0.1604
0.15704
0.15564
0.15601
0.15698
0.15784
0.15894
0.16156
0.16602
0.17133
0.17688
0.18262
0.1886
0.19434
0.19958
0.20465
0.20959
0.21368
0.21667
0.21991
0.22504
0.23218
0.24017
0.2486
0.25708
0.26477
0.27014
0.27283
0.27338
0.27289
0.27173
0.27002
0.26794
0.2663
0.26532
0.26416
0.26196
0.25848
0.25336
0.24615
0.23767
0.22931
0.22131
0.21246
0.20221
0.19171
0.18152
0.1712
0.1604
0.15015
0.14105
0.13257
0.12433
0.11725
0.11206
0.10767
0.10211
0.094482
0.0849
0.073486
0.061096
0.049133
0.038208
0.028137
0.019165
0.012146
0.0073853
0.0040894
0.0014038
-0.0020752
-0.0074463
-0.014465
-0.021973
-0.029602
-0.037964
-0.046875
-0.055176
-0.062195
-0.068237
-0.07373
-0.07782
-0.079651
-0.078979
-0.076111
-0.071655
-0.066772
-0.062134
-0.057495
-0.053345
-0.051575
-0.053162
-0.056885
-0.061035
-0.065552
-0.070496
-0.07489
-0.077637
-0.078796
-0.079224
-0.079224
-0.078979
-0.078857
-0.079956
-0.083008
-0.08728
-0.091858
-0.097168
-0.10394
-0.11157
-0.1189
-0.12604
-0.13452
-0.14453
-0.15491
-0.16504
-0.1759
-0.18835
-0.20209
-0.21722
-0.23431
-0.25287
-0.27057
-0.28583
-0.29907
-0.31079
-0.32092
-0.32977
-0.33795
-0.34479
-0.34979
-0.35406
-0.35846
-0.36243
-0.3656
-0.36951
-0.37537
-0.38177
-0.3866
-0.38904
-0.38855
-0.38379
-0.37384
-0.36005
-0.34442
-0.32776
-0.31
-0.2923
-0.27686
-0.26453
-0.25476
-0.24695
-0.24005
-0.23236
-0.22241
-0.21008
-0.19568
-0.17926
-0.16077
-0.14069
-0.11963
-0.097961
-0.076172
-0.054565
-0.033936
-0.015381
0.00054932
0.014038
0.025391
0.03479
0.043152
0.051636
0.06134
0.073364
0.088379
0.10577
0.12421
0.14233
0.15918
0.17346
0.18384
0.19031
0.19421
0.19739
0.20001
0.20154
0.20325
0.20648
0.21039
0.21246
0.21289
0.21387
0.21588
0.21759
0.21808
0.21802
0.21796
0.21777
0.21729
0.21619
0.2149
0.21405
0.21332
0.21222
0.21161
0.21283
0.21643
0.22144
0.22748
0.23389
0.23962
0.24377
0.24677
0.24945
0.25165
0.25366
0.25592
0.25922
0.26331
0.26752
0.27081
0.2724
0.27228
0.27142
0.27069
0.26941
0.26703
0.26416
0.26123
0.25763
0.25354
0.25018
0.24774
0.24463
0.23975
0.23346
0.2262
0.21796
0.20947
0.2019
0.19458
0.18628
0.17682
0.16656
0.15515
0.14282
0.13129
0.12164
0.11377
0.1073
0.10236
0.098328
0.093811
0.088501
0.083313
0.078064
0.07196
0.065063
0.058655
0.052612
0.045593
0.037415
0.029541
0.022583
0.015991
0.0092163
0.0024414
-0.0043945
-0.011169
-0.017273
-0.022095
-0.026062
-0.029236
-0.031433
-0.033508
-0.036194
-0.039246
-0.041565
-0.042664
-0.043091
-0.043335
-0.043152
-0.042419
-0.04187
-0.042053
-0.04364
-0.046509
-0.050476
-0.054993
-0.059326
-0.063232
-0.067322
-0.072083
-0.077515
-0.082764
-0.087402
-0.092224
-0.098145
-0.10419
-0.10944
-0.11438
-0.12079
-0.12866
-0.13666
-0.14502
-0.15546
-0.16864
-0.18329
-0.19855
-0.21527
-0.23395
-0.25446
-0.27533
-0.29504
-0.31201
-0.32587
-0.33746
-0.34711
-0.35529
-0.36255
-0.36963
-0.3761
-0.38129
-0.3855
-0.38959
-0.39337
-0.39557
-0.39612
-0.39703
-0.39899
-0.40009
-0.39807
-0.39307
-0.38562
-0.37506
-0.36047
-0.34283
-0.32471
-0.30762
-0.29144
-0.27618
-0.26288
-0.25214
-0.24249
-0.23218
-0.22101
-0.20856
-0.19336
-0.17523
-0.15594
-0.1377
-0.12079
-0.10468
-0.088867
-0.073242
-0.0578
-0.042847
-0.028503
-0.014282
-0.00036621
0.011658
0.02063
0.02832
0.037292
0.047852
0.059387
0.072998
0.090149
0.10956
0.1286
0.14624
0.16266
0.17609
0.18445
0.18811
0.18964
0.19092
0.19244
0.19415
0.19629
0.19891
0.2016
0.20355
0.20325
0.20056
0.19727
0.19586
0.19647
0.19769
0.19897
0.20056
0.20227
0.20331
0.20276
0.20062
0.19788
0.19592
0.19604
0.19843
0.20276
0.20953
0.21838
0.22748
0.23499
0.24078
0.24597
0.25061
0.25494
0.25995
0.26624
0.27338
0.28052
0.2876
0.29443
0.2998
0.30298
0.30408
0.30365
0.30225
0.30011
0.29749
0.29468
0.29236
0.29132
0.29089
0.28857
0.28217
0.27203
0.26007
0.2475
0.23511
0.22369
0.21344
0.20294
0.19116
0.17871
0.16614
0.15326
0.13953
0.12592
0.1134
0.10266
0.093323
0.085022
0.076965
0.068481
0.059326
0.0495
0.039368
0.029114
0.018799
0.0079956
-0.0031128
-0.012695
-0.019348
-0.023926
-0.028992
-0.03595
-0.043884
-0.051453
-0.058594
-0.065186
-0.070251
-0.072571
-0.07196
-0.069641
-0.066833
-0.064392
-0.062317
-0.060242
-0.058044
-0.055786
-0.053772
-0.052185
-0.051331
-0.05127
-0.052124
-0.054016
-0.056641
-0.05957
-0.062927
-0.067078
-0.072266
-0.078003
-0.08374
-0.0896
-0.095764
-0.10199
-0.10803
-0.11475
-0.12354
-0.13422
-0.14532
-0.15625
-0.16785
-0.18079
-0.19476
-0.20984
-0.22675
-0.24615
-0.26709
-0.28766
-0.30688
-0.32471
-0.34131
-0.35602
-0.36853
-0.37976
-0.39111
-0.40259
-0.4129
-0.42126
-0.42841
-0.43488
-0.44
-0.4433
-0.44525
-0.44653
-0.44617
-0.44293
-0.43695
-0.42932
-0.4198
-0.4071
-0.39093
-0.37268
-0.35425
-0.33661
-0.31964
-0.30298
-0.28723
-0.27277
-0.25891
-0.24402
-0.22693
-0.20844
-0.18939
-0.16943
-0.1485
-0.1275
-0.10754
-0.088623
-0.069885
-0.051392
-0.033752
-0.016846
0
0.016357
0.030762
0.042725
0.053467
0.064575
0.076233
0.08783
0.09906
0.11072
0.12323
0.13605
0.14862
0.16058
0.17139
0.17987
0.18536
0.1886
0.19153
0.19519
0.19885
0.2019
0.20514
0.20892
0.21228
0.21387
0.21356
0.21265
0.2121
0.21191
0.21179
0.2121
0.21375
0.21637
0.21863
0.21942
0.21973
0.22095
0.22333
0.22632
0.22998
0.23566
0.24316
0.25085
0.25708
0.26208
0.26691
0.27155
0.27551
0.2793
0.28406
0.28979
0.29547
0.30066
0.3056
0.31049
0.31433
0.31671
0.31848
0.32043
0.32196
0.32184
0.32001
0.31781
0.3161
0.31409
0.31049
0.30505
0.29779
0.28876
0.27826
0.26727
0.25671
0.24689
0.23761
0.22821
0.21826
0.20703
0.19434
0.1814
0.16962
0.15955
0.15076
0.14276
0.13483
0.12683
0.11877
0.11041
0.1015
0.09259
0.084717
0.07843
0.073242
0.067871
0.062134
0.055847
0.048767
0.041077
0.033508
0.026428
0.019592
0.012329
0.005188
-0.00073242
-0.005127
-0.0089722
-0.012695
-0.015564
-0.017456
-0.019531
-0.022461
-0.026123
-0.029175
-0.031006
-0.032715
-0.035706
-0.040161
-0.045593
-0.051697
-0.058899
-0.067261
-0.076355
-0.085754
-0.095825
-0.10675
-0.11774
-0.12823
-0.13879
-0.15051
-0.16364
-0.17706
-0.19055
-0.20502
-0.22113
-0.23859
-0.25623
-0.27362
-0.29132
-0.30994
-0.32971
-0.34985
-0.36969
-0.38788
-0.40283
-0.4137
-0.42126
-0.42761
-0.43457
-0.4422
-0.44965
-0.4566
-0.46332
-0.46979
-0.47522
-0.47974
-0.48376
-0.48743
-0.48962
-0.48907
-0.48505
-0.47729
-0.46582
-0.45105
-0.43353
-0.41425
-0.39465
-0.37549
-0.3562
-0.33698
-0.31879
-0.30194
-0.28564
-0.26855
-0.25049
-0.23175
-0.21259
-0.19214
-0.17023
-0.14813
-0.12744
-0.10822
-0.0896
-0.070862
-0.052429
-0.035217
-0.019775
-0.0058594
0.0066528
0.017822
0.028015
0.038513
0.05072
0.06427
0.078247
0.092957
0.10864
0.125
0.14166
0.15759
0.17108
0.18146
0.18903
0.19446
0.19891
0.2041
0.21039
0.21686
0.22211
0.22601
0.22882
0.22986
0.22864
0.22668
0.2262
0.22748
0.22992
0.23254
0.23456
0.23456
0.2312
0.22577
0.22235
0.22302
0.22577
0.22894
0.23346
0.24017
0.24817
0.25635
0.26447
0.27234
0.2796
0.28552
0.28998
0.29364
0.29773
0.30359
0.31085
0.3183
0.32495
0.33069
0.33496
0.33771
0.33984
0.34174
0.34381
0.34576
0.34668
0.34637
0.34528
0.34308
0.33911
0.33295
0.32471
0.31464
0.30334
0.2912
0.27863
0.26587
0.2536
0.24207
0.23065
0.21808
0.20404
0.18896
0.17389
0.15991
0.14813
0.1391
0.13232
0.12659
0.11981
0.11084
0.10065
0.090271
0.079834
0.069153
0.058594
0.048462
0.038879
0.02948
0.020813
0.013977
0.0095215
0.0064087
0.0031738
-0.0014038
-0.0077515
-0.015015
-0.021851
-0.0271
-0.030579
-0.033203
-0.035767
-0.038391
-0.041565
-0.046265
-0.052734
-0.060364
-0.067688
-0.073669
-0.078857
-0.084045
-0.089539
-0.095642
-0.10352
-0.11365
-0.12549
-0.13806
-0.15112
-0.16522
-0.18042
-0.19519
-0.20837
-0.2204
-0.23248
-0.24561
-0.26056
-0.27777
-0.29767
-0.31952
-0.34125
-0.36139
-0.37964
-0.396
-0.4101
-0.422
-0.43298
-0.4447
-0.45807
-0.47198
-0.4845
-0.495
-0.50323
-0.50916
-0.51276
-0.51465
-0.51575
-0.5166
-0.51648
-0.51471
-0.51141
-0.50635
-0.49835
-0.48657
-0.47125
-0.4538
-0.43579
-0.41827
-0.40155
-0.38629
-0.37262
-0.35944
-0.34528
-0.32855
-0.30884
-0.28668
-0.26282
-0.23761
-0.21179
-0.18622
-0.16113
-0.13678
-0.11359
-0.091187
-0.069275
-0.047729
-0.026978
-0.0080566
0.008667
0.02417
0.03894
0.052307
0.06427
0.07605
0.088989
0.10327
0.11749
0.13135
0.14569
0.1601
0.17261
0.18152
0.18689
0.19067
0.19446
0.19867
0.20343
0.20923
0.2157
0.22156
0.22601
0.22882
0.23065
0.23206
0.23309
0.23376
0.2348
0.23615
0.23724
0.23798
0.2384
0.23822
0.23798
0.23865
0.24115
0.2453
0.25073
0.25745
0.26575
0.27539
0.28522
0.29407
0.30115
0.30682
0.31171
0.3161
0.3205
0.32593
0.33221
0.33826
0.34369
0.34869
0.35284
0.35571
0.35748
0.35828
0.35846
0.35767
0.35498
0.35065
0.34595
0.3418
0.33746
0.33179
0.32446
0.31598
0.30646
0.29602
0.28546
0.27551
0.26617
0.25751
0.24866
0.23792
0.2251
0.21094
0.19678
0.18402
0.17407
0.1662
0.15942
0.15289
0.146
0.13855
0.13098
0.12347
0.11584
0.10748
0.097839
0.08783
0.078857
0.071228
0.064636
0.058838
0.053894
0.0495
0.044495
0.03772
0.029419
0.021118
0.013428
0.0062256
-0.00048828
-0.0067749
-0.013184
-0.020325
-0.028625
-0.037842
-0.046997
-0.055664
-0.063293
-0.069153
-0.073242
-0.076721
-0.080811
-0.086182
-0.092712
-0.1004
-0.11005
-0.12225
-0.1366
-0.15216
-0.1684
-0.18494
-0.20178
-0.21912
-0.237
-0.25604
-0.27673
-0.29919
-0.323
-0.34705
-0.36926
-0.38837
-0.4046
-0.41895
-0.43274
-0.44684
-0.4613
-0.47607
-0.49097
-0.505
-0.51691
-0.52576
-0.53156
-0.53503
-0.53717
-0.53827
-0.53827
-0.53674
-0.53296
-0.52631
-0.51666
-0.50409
-0.48895
-0.47229
-0.4549
-0.43665
-0.41736
-0.39746
-0.37836
-0.36139
-0.34528
-0.32776
-0.3078
-0.28571
-0.26251
-0.23895
-0.21503
-0.19135
-0.16876
-0.14722
-0.12573
-0.10406
-0.082825
-0.062744
-0.043945
-0.026306
-0.0099487
0.0046997
0.017883
0.030701
0.043945
0.057739
0.071533
0.085388
0.10028
0.11658
0.13281
0.14764
0.16107
0.17291
0.18286
0.19043
0.1958
0.20007
0.20435
0.20795
0.20984
0.21014
0.20966
0.20911
0.20831
0.20728
0.20648
0.20636
0.20618
0.20532
0.20428
0.2038
0.20435
0.20557
0.20667
0.20782
0.21063
0.21552
0.22211
0.23071
0.24176
0.25476
0.26801
0.27985
0.28937
0.2973
0.30481
0.31262
0.32086
0.3291
0.33649
0.34229
0.34607
0.34851
0.35101
0.35394
0.35663
0.35931
0.36176
0.36371
0.36493
0.36511
0.36407
0.362
0.35901
0.35474
0.34918
0.34222
0.33374
0.32361
0.31238
0.30145
0.29163
0.2821
0.27167
0.26031
0.24854
0.23615
0.22302
0.20953
0.19702
0.18695
0.17847
0.16907
0.15814
0.14728
0.13751
0.1286
0.11969
0.11072
0.10297
0.096863
0.091614
0.086548
0.08197
0.078125
0.074402
0.06958
0.062805
0.054688
0.046143
0.037048
0.027161
0.017273
0.0083008
0.00061035
-0.0075073
-0.0177
-0.029602
-0.041199
-0.051697
-0.061279
-0.070801
-0.080994
-0.091919
-0.10345
-0.11615
-0.12958
-0.14301
-0.15662
-0.17108
-0.18689
-0.2041
-0.22272
-0.24243
-0.26282
-0.28333
-0.30414
-0.32605
-0.34937
-0.37305
-0.39594
-0.41711
-0.4364
-0.45367
-0.46863
-0.48132
-0.49335
-0.50562
-0.51746
-0.52838
-0.53833
-0.54712
-0.55389
-0.55841
-0.5614
-0.56433
-0.56757
-0.56885
-0.56628
-0.55988
-0.55017
-0.53705
-0.52063
-0.50269
-0.48584
-0.47064
-0.45514
-0.43793
-0.41956
-0.40051
-0.38074
-0.35938
-0.33649
-0.31311
-0.28973
-0.26599
-0.2417
-0.21753
-0.1936
-0.16962
-0.14569
-0.12262
-0.1012
-0.081543
-0.062744
-0.043945
-0.025879
-0.0092773
0.0058594
0.020752
0.036682
0.053955
0.071594
0.088806
0.10529
0.12115
0.13654
0.15088
0.16388
0.17566
0.18585
0.19409
0.20081
0.20734
0.21448
0.22247
0.23047
0.23706
0.24231
0.24701
0.25128
0.25464
0.25647
0.25696
0.25732
0.25854
0.26074
0.26318
0.26508
0.26611
0.26685
0.26831
0.27094
0.27441
0.27838
0.28363
0.29083
0.29889
0.30658
0.31415
0.32227
0.33008
0.3363
0.34131
0.34668
0.35352
0.36053
0.36536
0.36829
0.37097
0.37305
0.37268
0.37067
0.36847
0.36603
0.36261
0.35828
0.35266
0.34534
0.33734
0.32971
0.32135
0.31207
0.30334
0.29346
0.27893
0.26166
0.2475
0.23718
0.22662
0.21478
0.20288
0.19031
0.17639
0.16248
0.14966
0.13812
0.12842
0.12122
0.11554
0.10999
0.10468
0.099854
0.094849
0.090271
0.087158
0.084839
0.082153
0.078735
0.075317
0.072144
0.069153
0.065918
0.062317
0.058777
0.055054
0.050354
0.044312
0.036865
0.027771
0.01709
0.0059814
-0.0048218
-0.015686
-0.027344
-0.039978
-0.052795
-0.065735
-0.078979
-0.092224
-0.10492
-0.117
-0.12933
-0.14355
-0.16064
-0.1803
-0.2019
-0.22479
-0.24829
-0.27197
-0.2959
-0.31982
-0.3432
-0.36609
-0.38861
-0.41034
-0.43018
-0.44708
-0.46112
-0.47357
-0.48584
-0.49829
-0.51074
-0.52246
-0.53302
-0.5426
-0.55121
-0.55884
-0.56531
-0.57037
-0.57373
-0.57507
-0.57355
-0.56909
-0.56195
-0.55225
-0.53998
-0.52576
-0.51056
-0.49506
-0.47943
-0.46375
-0.44794
-0.43243
-0.41663
-0.39899
-0.37848
-0.35498
-0.32916
-0.30212
-0.2749
-0.24847
-0.22302
-0.19751
-0.17102
-0.14404
-0.11835
-0.09491
-0.073303
-0.052856
-0.033752
-0.016907
-0.0016479
0.013916
0.03064
0.048157
0.066162
0.084473
0.10266
0.11987
0.13562
0.15076
0.16626
0.18127
0.19373
0.20306
0.21045
0.21735
0.22424
0.23096
0.23743
0.24384
0.24994
0.25513
0.25909
0.26166
0.26288
0.26355
0.26447
0.26624
0.26886
0.27179
0.2746
0.27692
0.2782
0.2782
0.27814
0.27942
0.2829
0.28851
0.29547
0.30267
0.30945
0.31549
0.32086
0.32617
0.33154
0.33685
0.34259
0.349
0.35577
0.36224
0.36804
0.37335
0.37805
0.38092
0.38153
0.38074
0.37958
0.3775
0.3739
0.36932
0.36548
0.36292
0.35974
0.35437
0.34692
0.33862
0.32971
0.31989
0.30975
0.30023
0.29114
0.28156
0.27106
0.26019
0.24866
0.23578
0.22174
0.20825
0.19696
0.18726
0.17761
0.16754
0.15796
0.14868
0.13855
0.12744
0.11688
0.10803
0.10077
0.094238
0.088379
0.083374
0.078857
0.073914
0.068481
0.063477
0.059204
0.054382
0.047791
0.038818
0.028137
0.016602
0.0047607
-0.007019
-0.018799
-0.031067
-0.04425
-0.058289
-0.072693
-0.08728
-0.10193
-0.11682
-0.13214
-0.14795
-0.16467
-0.18286
-0.20282
-0.22467
-0.24805
-0.2724
-0.29688
-0.32056
-0.3432
-0.36505
-0.38672
-0.40869
-0.43036
-0.45056
-0.46851
-0.48492
-0.50146
-0.51849
-0.53497
-0.54962
-0.56183
-0.57214
-0.58087
-0.58777
-0.5932
-0.59814
-0.60327
-0.60797
-0.61053
-0.60944
-0.60413
-0.59528
-0.5835
-0.5694
-0.55377
-0.53809
-0.52344
-0.5097
-0.49579
-0.48071
-0.46429
-0.44647
-0.42645
-0.40387
-0.37952
-0.35492
-0.33093
-0.30695
-0.28247
-0.25781
-0.23395
-0.211
-0.18842
-0.16528
-0.1413
-0.11694
-0.093018
-0.070374
-0.049072
-0.028259
-0.0074463
0.013306
0.033813
0.054504
0.075806
0.097839
0.12
0.14154
0.16223
0.18127
0.19788
0.21161
0.22314
0.2334
0.24274
0.2514
0.2597
0.26788
0.2757
0.28217
0.28662
0.28882
0.28906
0.2887
0.28955
0.2926
0.29651
0.29926
0.30066
0.30261
0.30621
0.31073
0.31494
0.31982
0.3269
0.33569
0.34369
0.34955
0.35443
0.36017
0.3667
0.37292
0.37848
0.38336
0.38745
0.39063
0.39386
0.39832
0.40424
0.40991
0.41406
0.41681
0.41821
0.41772
0.41473
0.4101
0.40527
0.401
0.39667
0.39185
0.38672
0.3811
0.37396
0.36505
0.35535
0.34619
0.33716
0.3269
0.3147
0.30145
0.28894
0.27747
0.26611
0.25391
0.24084
0.22754
0.21478
0.20313
0.19275
0.18396
0.17664
0.17029
0.16425
0.15796
0.15161
0.14526
0.13922
0.13348
0.12823
0.12311
0.11725
0.11035
0.10315
0.096619
0.090454
0.082886
0.072327
0.058716
0.043152
0.026733
0.010254
-0.0057373
-0.020813
-0.035767
-0.052002
-0.070374
-0.090698
-0.11163
-0.13257
-0.15363
-0.17529
-0.19763
-0.22076
-0.24506
-0.27087
-0.29852
-0.32782
-0.35815
-0.38824
-0.41632
-0.44165
-0.46466
-0.48639
-0.50665
-0.52448
-0.53967
-0.55365
-0.56781
-0.58221
-0.59619
-0.60919
-0.62103
-0.6311
-0.63885
-0.64478
-0.65002
-0.65485
-0.6579
-0.65723
-0.6521
-0.64368
-0.63306
-0.62054
-0.60632
-0.59149
-0.5769
-0.56244
-0.54749
-0.53192
-0.51611
-0.49939
-0.4809
-0.46002
-0.43762
-0.41394
-0.38867
-0.36212
-0.33569
-0.31049
-0.28613
-0.26172
-0.23737
-0.21381
-0.19098
-0.16785
-0.14392
-0.11987
-0.096436
-0.073608
-0.050781
-0.028015
-0.0055542
0.017334
0.04126
0.066101
0.09021
0.11273
0.13452
0.15625
0.17682
0.19385
0.2066
0.21716
0.22821
0.2406
0.25354
0.26599
0.27734
0.28687
0.2934
0.29669
0.29828
0.30029
0.30408
0.30957
0.3158
0.32214
0.32819
0.33368
0.33899
0.34473
0.35175
0.35999
0.36871
0.37738
0.38605
0.39435
0.40186
0.40875
0.41553
0.42255
0.42926
0.43494
0.43915
0.44147
0.44208
0.44238
0.44397
0.44769
0.45221
0.45557
0.45709
0.45685
0.45508
0.4516
0.44708
0.44318
0.44135
0.44037
0.43811
0.43298
0.42517
0.4162
0.40637
0.39618
0.38629
0.3761
0.36493
0.35291
0.34052
0.32898
0.31805
0.30695
0.29565
0.28387
0.27112
0.25787
0.24463
0.23279
0.22321
0.21503
0.2077
0.20062
0.19293
0.18445
0.17474
0.16351
0.15155
0.13959
0.12885
0.11981
0.11096
0.10138
0.090332
0.076782
0.060852
0.042419
0.022583
0.0036011
-0.013733
-0.030151
-0.046387
-0.063416
-0.080505
-0.0979
-0.11798
-0.14014
-0.16339
-0.18726
-0.21143
-0.23694
-0.26263
-0.28705
-0.31268
-0.33972
-0.36597
-0.39191
-0.41754
-0.44446
-0.47131
-0.49286
-0.51373
-0.53827
-0.55896
-0.5752
-0.58893
-0.59589
-0.60413
-0.62067
-0.63409
-0.64117
-0.64923
-0.65729
-0.66345
-0.66736
-0.66681
-0.6637
-0.65869
-0.65057
-0.64142
-0.63177
-0.62152
-0.61133
-0.59961
-0.58588
-0.57104
-0.55499
-0.53833
-0.52136
-0.50348
-0.48529
-0.46631
-0.44562
-0.42377
-0.3999
-0.37396
-0.34753
-0.32178
-0.29797
-0.27527
-0.25189
-0.22821
-0.20459
-0.18079
-0.15692
-0.13293
-0.10956
-0.087524
-0.06604
-0.04425
-0.021423
0.0025635
0.026123
0.04834
0.069702
0.090393
0.10992
0.12744
0.14276
0.15741
0.17188
0.18567
0.19879
0.21155
0.224
0.23505
0.24335
0.25024
0.25763
0.26624
0.27484
0.28137
0.28564
0.28979
0.29413
0.29797
0.30115
0.3042
0.30896
0.31635
0.32587
0.33728
0.34967
0.36206
0.37421
0.3858
0.39703
0.40796
0.41827
0.42828
0.43787
0.44623
0.453
0.45844
0.46277
0.46643
0.46924
0.47174
0.47479
0.47827
0.48175
0.48468
0.48627
0.48663
0.48572
0.48291
0.47845
0.47247
0.4657
0.45813
0.44916
0.43866
0.42731
0.41589
0.40527
0.39587
0.38745
0.37897
0.36902
0.35693
0.34381
0.33075
0.31879
0.30811
0.29822
0.28888
0.27917
0.26843
0.25671
0.24469
0.2337
0.22461
0.21667
0.20923
0.20209
0.19427
0.18481
0.17291
0.15894
0.14459
0.13019
0.11505
0.098938
0.082031
0.064575
0.046082
0.026367
0.0062866
-0.013611
-0.034302
-0.056763
-0.081299
-0.10748
-0.13464
-0.16235
-0.18988
-0.21692
-0.24487
-0.27454
-0.30597
-0.33759
-0.36768
-0.39587
-0.42249
-0.44739
-0.47034
-0.49194
-0.51373
-0.5368
-0.55994
-0.5813
-0.60059
-0.61853
-0.63525
-0.6499
-0.66235
-0.67358
-0.68359
-0.69098
-0.69513
-0.69641
-0.69574
-0.69287
-0.68683
-0.67853
-0.66949
-0.65991
-0.64911
-0.63641
-0.62256
-0.60864
-0.59491
-0.58032
-0.56451
-0.54724
-0.52844
-0.50751
-0.48413
-0.45984
-0.43677
-0.41498
-0.39221
-0.36774
-0.3432
-0.32031
-0.29822
-0.27539
-0.25165
-0.22803
-0.20496
-0.18188
-0.15857
-0.13544
-0.11218
-0.087463
-0.060913
-0.033691
-0.0075684
0.016846
0.039856
0.061401
0.080811
0.098389
0.11517
0.13245
0.1496
0.16522
0.1795
0.19312
0.20575
0.21655
0.22534
0.23395
0.24316
0.25165
0.25842
0.26453
0.27209
0.28137
0.29053
0.29858
0.3067
0.31555
0.32458
0.33289
0.34137
0.35181
0.36462
0.37775
0.38953
0.39978
0.40942
0.41888
0.4278
0.43683
0.44745
0.45984
0.47217
0.48254
0.49109
0.4986
0.50464
0.5083
0.50958
0.5097
0.50946
0.50836
0.50568
0.50195
0.49829
0.49493
0.49139
0.48706
0.48157
0.47504
0.46716
0.45813
0.44836
0.43823
0.42822
0.41876
0.40961
0.40009
0.3891
0.37653
0.36407
0.35309
0.34399
0.33588
0.328
0.32062
0.3136
0.30524
0.29443
0.28168
0.2688
0.2572
0.24585
0.23328
0.21936
0.2052
0.19183
0.17902
0.16602
0.15228
0.13727
0.12061
0.10242
0.083008
0.062866
0.042297
0.021301
6.10E-05
-0.021423
-0.04364
-0.067322
-0.093506
-0.12183
-0.151
-0.18011
-0.20911
-0.23859
-0.26849
-0.29797
-0.32709
-0.35577
-0.38361
-0.41022